id: 7c984e27-4ad4-487b-b32f-9372f749968a
started_at: 2026-05-18T10:18:21.039868324Z
ended_at: 2026-05-18T10:18:21.039868324Z
distillate: What would you like to clarify before I reformulate?
labels: []
